version https://git-lfs.github.com/spec/v1
oid sha256:bede47b8ba60d697ba6e5fd06e1768b240021e401de3aafa58b314073cd9d647
size 97
