version https://git-lfs.github.com/spec/v1
oid sha256:e1b5377a62bd1fad627f38ec155d2c8bd66261c7510fdde487307e2e9f2b4495
size 110
